146 
611583.8358333334 6745086.9425 236.30416666666665 
611588.94625 6745089.933289474 235.8652631578947 
611593.4186627907 6745089.934476744 235.68139534883724 
611598.7062903226 6745089.174838711 235.73499999999999 
611602.6916666668 6745086.004166666 236.14916666666667 
611609.1642424243 6745072.862121212 236.3339393939394 
611613.9001626015 6745063.511382114 235.9750406504065 
611618.847852349 6745064.078053691 235.28530201342284 
611624.1702450981 6745059.843137255 235.30892156862748 
611628.2891851851 6745057.173037038 235.62629629629626 
611633.7791150443 6745052.465221238 235.64017699115044 
611638.633069307 6745048.3987128725 235.1411881188119 
611643.6193076923 6745039.20076923 234.9232307692308 
611648.8138571428 6745035.263 234.0203571428572 
611654.1396842105 6745036.941263159 233.0190526315789 
611657.8285454547 6745038.445454544 233.20045454545456 
611661.49 6745037.74 233.14000000000001 
611573.9116666667 6745073.935 241.385 
611578.7278651686 6745077.48741573 239.54460674157303 
611583.642948718 6745079.092692308 238.70589743589744 
611589.3525179856 6745079.745107913 239.6347482014388 
611593.5202222223 6745065.271555556 240.45561111111112 
611598.8447435899 6745064.03931624 240.0844017094017 
611603.7748135593 6745063.835457628 238.72461016949157 
611608.2457564577 6745059.717380073 238.82143911439115 
611613.1029365081 6745047.254126984 238.83341269841267 
611619.304423077 6745045.283846154 238.50974358974358 
611624.200874317 6745043.637377049 238.92218579234978 
611628.2133974358 6745036.253397436 239.47653846153844 
611633.3132352941 6745038.133088236 238.12625 
611638.7157142857 6745028.551339285 239.4375 
611643.3007058824 6745025.139176469 238.78211764705878 
611647.6833333333 6745029.645161291 239.03430107526884 
611654.4662337662 6745040.734155845 238.9914285714285 
611657.0366666667 6745039.544242425 239.24242424242425 
611661.46 6745037.98 237.3 
611560.2339130435 6745052.56478261 246.42391304347825 
611563.2239805826 6745051.941941747 245.91650485436887 
611569.3891904762 6745050.235952382 245.1147142857143 
611574.1291428572 6745054.13375 244.21657142857137 
611578.509076087 6745054.832228261 244.00951086956522 
611584.1542009132 6745054.57520548 243.91214611872147 
611589.0598019803 6745062.335049505 243.7886633663367 
611592.8145138889 6745060.878472222 244.24625000000003 
611599.2872656251 6745041.338515625 244.866328125 
611603.5165644172 6745044.181687117 244.94496932515338 
611608.4478210115 6745041.887315175 244.7401945525292 
611613.9886029413 6745023.473345588 244.4294117647059 
611618.8048024317 6745024.533343466 244.69325227963526 
611623.8188389513 6745032.309962546 244.50374531835206 
611628.2895779221 6745021.984967533 244.14360389610394 
611633.2987165776 6745027.158983957 244.092192513369 
611639.2176923077 6745033.33733728 244.702899408284 
611643.8007865169 6745032.1198314605 245.2685393258427 
611648.1813240419 6745033.888013937 244.9888850174216 
611653.0792424243 6745037.814166667 244.59151515151513 
611657.5490196078 6745037.734215686 243.95794117647063 
611549.2689285715 6745044.508571429 248.01464285714286 
611553.8767532468 6745044.732337661 247.56207792207792 
611559.113125 6745042.6565625 247.61625 
611563.6936363636 6745034.148727272 247.92245454545454 
611568.515362319 6745035.412318842 248.58811594202902 
611573.8899999999 6745039.209911505 249.06141592920355 
611579.1376146789 6745048.926055047 249.4358256880734 
611584.27729097 6745060.607876254 250.01948160535122 
611588.8972932331 6745061.830413534 249.7436842105263 
611593.7556338029 6745065.750959507 249.82470950704226 
611598.552852194 6745057.246593534 249.55385681293305 
611603.7125480154 6745052.682765685 249.64266325224074 
611608.5871354167 6745047.596497395 249.62812500000004 
611613.6900198412 6745042.977470238 249.7581150793651 
611618.561376652 6745043.516288546 249.48325991189427 
611623.5898618784 6745048.247790054 249.77893646408842 
611628.3994628572 6745039.243554287 249.8302057142857 
611633.7055762082 6745043.28023544 249.8675464684015 
611638.7238763376 6745039.45883472 249.72908442330558 
611643.4762288687 6745037.642691807 249.35244473342001 
611648.6698878504 6745036.946654206 248.68442990654202 
611653.0216888889 6745033.879955555 249.01306666666667 
611658.8145038169 6745036.44129771 249.3996183206107 
611661.3633333333 6745037.739999999 248.4466666666667 
611546.584 6745044.004000001 253.478 
611554.7150000001 6745040.3875 253.9 
611559.9059740261 6745050.66987013 254.62064935064942 
611563.7899595142 6745044.431376519 254.84846153846158 
611568.909427793 6745050.726948229 255.02640326975478 
611574.2140674955 6745058.813499112 254.92683836589697 
611578.8566702818 6745055.274652929 254.83081344902388 
611583.9406531205 6745049.946001451 254.49874455732947 
611588.4338956522 6745047.668069566 254.64732173913046 
611593.7160103627 6745043.255188749 254.38550703182827 
611598.5184582744 6745044.300530409 254.51560113154176 
611603.6414378553 6745045.647798538 254.07078797725427 
611608.6917441861 6745042.692883721 254.14809302325585 
611613.7410182371 6745035.472408815 254.14515197568392 
611618.5583347351 6745030.360605551 254.45359125315386 
611623.6809936307 6745031.738853503 254.19092993630574 
611628.6796057348 6745029.7840860225 253.97590203106333 
611633.6708178439 6745026.0536555145 253.90107806691452 
611638.3011653116 6745022.937235773 254.00712737127373 
611642.9797354498 6745024.635978835 253.44708994708995 
611650.11 6745028.7924999995 252.1725 
611653.2799999999 6745031.821578947 252.3531578947368 
611660.01 6745036.53 251.76000000000002 
611549.235148515 6745044.626980199 260.14886138613866 
611553.7490874524 6745044.518326997 260.4914068441065 
611558.9927807486 6745045.046987522 259.70746880570414 
611563.676567329 6745047.4462472405 259.18094922737305 
611568.7520159681 6745048.016796407 258.9166666666667 
611573.568496792 6745044.089340054 258.91242896425297 
611578.6300679117 6745040.953514432 259.1043548387097 
611583.3887411765 6745036.254164706 258.44016470588235 
611588.5810516773 6745034.146835902 258.85998186763373 
611593.6027613637 6745026.404215908 258.9307386363636 
611598.9103907815 6745021.201402806 258.643246492986 
611603.6395315488 6745016.838001913 258.8776768642448 
611608.4944498539 6745011.921957158 258.96249269717623 
611613.5936585367 6745006.8014120655 259.25132220795894 
611618.7297903822 6745007.037916153 258.6318125770654 
611623.3374518519 6745009.011881481 258.8771111111111 
611628.8344168735 6745009.042382134 258.32059553349876 
611633.4553623189 6745011.876328502 257.8790821256039 
611637.8607692308 6745016.380769231 257.23961538461543 
611642.8081818182 6745016.44 257.3681818181818 
611550.1451851851 6745041.272222222 262.56 
611553.9900326798 6745045.683235293 263.3417973856209 
611558.2310431655 6745044.934892086 262.75924460431656 
611564.3844374999 6745038.235562501 262.64693750000004 
611568.2698492464 6745031.7177386945 263.57447236180906 
611573.7205208334 6745027.194635416 262.58578125 
611578.6053020135 6745028.408993289 262.58382550335574 
611582.6853658537 6745027.18 262.51780487804876 
611589.2464545454 6745017.767636363 262.6689090909091 
611593.71921875 6745018.11875 262.67625 
611599.9903333333 6745005.678666667 262.278 
611603.6500000001 6744999.03891892 262.5633783783784 
611609.2209696969 6745000.36278788 262.69466666666665 
611613.9948108108 6744993.820054054 262.69664864864865 
611619.6590322582 6744998.511612902 262.3345161290323 
611622.8192207792 6745001.434025974 262.8696103896104 
611629.59 6745000.34 262.39 
611553.5900000001 6745037.539999999 267.29600000000005 
611567.94 6745031.191666666 266.845 
611618.47 6745000.95 535.16 
611649.79 6745046.12 576.35 
611644.4400000001 6745019.9 587.97 
